31331033300313
31313031300303
31330031100313
31313031300313
31333013100313
33310031100313
33311031100303
33033031300313
33301031300313
31031033300313
31333031300313
33333031100313
31333011000313
33333011100313
31313011300303
31333033100303
31303031100313
31311033300303
30331031100313
30333011300313
31013031300313
33033033100313
33330031100313
33033013100313
30311031300313
33031013300313
33311013100313
33301033300313
30331013300313
33330031300313
31330013100313
33333011000313
30333011100313
33303011100313
33013031300313
31331033300303
31310013300313
31333033100313
31303011300313
33311033100313
31313031000313
33011033100313
33301031100313
31330031300313
31303013300313
31301033100313
30313033100313
31333031300303
31033031100313
31301033300313
33333013100313
33313011300303
33310013100313
30333033100313
30313011300313
31303013100313
31013033100313
33301013100313
33331031100303
31333013000313
33313011100313
31333031000313
31331011300313
31303033100313
30311013300313
33311011300313
33331031100313
30313031100313
31031031300313
31313013100313
33333013100303
33311031100313
31313033300313
30331031300313
33311013300313
33313033100313
31033013300313
33313031000313
33013013300313
33011013300313
31313031100313
33331011300313
31033011300313
31311033100313
33331031300313
33311033000313
31333031100303
33033011100313
30313031300313
33313031100313
33333013000313
31011033300313
31313013300313
33331013000313
31331033100313
33011031300313
31310033300313
31331013000313
33311011300303
31331013100303
31311033100303
31330033100313
33331013100313
33013033300313
33013013100313
33313013000313
30331013100313
31311033000313
31331033100303
33311031000313
30331033300313
33033031100313
33310011300313
33313031300313
33013011300313
31330033300313
31313033000313
33013031100313
31331031300313
33310013300313
33303013300313
33331011100313
33333031000313
33313031100303
33331033100303
33031033300313
33331013100303
33313031300303
33330013300313
33301013300313
31301031300313
33313033100303
33310031300313
31331031000313
31313013100303
31033031300313
33013033100313
33331011100303
31330013300313
31313033100303
31031013300313
33313013100313
31331011300303
33031031100313
33031031300313
33031011300313
33330011100313
33011033300313
33303033100313
30333013300313
33031013100313
31313013300303
33331033000313
31331031100313
30331011300313
33310033100313
31311013300313
31031033100313
31013013300313
33311013300303
30313033300313
33303031100313
31033033300313
33311033100303
33333011300303
31333031100313
31331031300303
31313033300303
33331013300303
31310033100313
33313033000313
31301013300313
31331033000313
31313013000313
33331011300303
33330013100313
31303031300313
33313013100303
31313033100313
33333031100303
33303031300313
31311031300313
33330011300313
30313013100313
33310033300313
31333011100313
31331013300303
33331013300313
33313011300313
30311033100313
31333013300313
31333011100303
31331013300313
31033013100313
33331031000313
33313011000313
33331031300303
30333031300313
31331031100303
31330011300313
33311031300303
31333033000313
33330033100313
30331033100313
33331011000313
33031033100313
33311013000313
33311013100303
33331033100313
33313013300303
33311033300313
31333011300313
33303011300313
31331013100313
31311013300303
33311033300303
31310031300313
31313011300313
33301011300313
33033011300313
31033033100313
33313013300313
31333013300303
31013033300313
30313013300313
31333011300303
31313031100303
31333013100303
30333031100313
33311031300313
30311033300313
33313011100303
31303033300313
33301033100313
31311033300313
33033013300313
33333011300313
31311031300303
33303013100313
33333011100303
30333013100313
